0 0.904284 0.151450 0.026409 0.120771
0 0.821806 0.152245 0.029314 0.121267
0 0.877390 0.152381 0.026603 0.121118
0 0.762566 0.152524 0.029703 0.120982
0 0.792463 0.152487 0.029703 0.120634
0 0.478600 0.347540 0.053730 0.176956
0 0.657566 0.325137 0.017081 0.131876
0 0.282472 0.346988 0.073611 0.175306
0 0.379193 0.348024 0.052902 0.176956
0 0.572942 0.346988 0.044925 0.173792
0 0.164698 0.347677 0.089915 0.174474
0 0.366196 0.849180 0.026628 0.178333
0 0.281005 0.849316 0.070786 0.174884
0 0.166719 0.849633 0.093069 0.174549
