1 0.897050 0.148576 0.029134 0.130851
1 0.683867 0.149919 0.028218 0.128394
1 0.596334 0.150917 0.030818 0.129986
1 0.405782 0.149625 0.054418 0.129876
1 0.803190 0.148709 0.029785 0.126407
1 0.713049 0.543948 0.047896 0.132590
1 0.360709 0.545071 0.028419 0.128505
1 0.467044 0.545351 0.026915 0.128348
1 0.895253 0.544919 0.024221 0.126563
1 0.608620 0.545710 0.029971 0.127741
1 0.788196 0.544160 0.025140 0.122690
1 0.354650 0.887361 0.017682 0.129572
1 0.684875 0.888460 0.034564 0.130648
1 0.571913 0.888405 0.023809 0.129728
1 0.135744 0.888460 0.026068 0.129121
1 0.787255 0.888978 0.023779 0.129329
1 0.251304 0.889251 0.025929 0.128459
1 0.891142 0.888561 0.014678 0.125331
1 0.459629 0.888605 0.013784 0.135693
1 0.138278 0.148680 0.029292 0.130904
1 0.136986 0.542189 0.030154 0.129307
