0 0.504279 0.131772 0.153635 0.134054
0 0.854339 0.132586 0.101499 0.133914
0 0.704884 0.130046 0.098105 0.127346
1 0.938957 0.152281 0.055414 0.090289
0 0.894274 0.357886 0.161088 0.036841
0 0.660642 0.357565 0.168733 0.035995
0 0.499138 0.404737 0.052756 0.132835
0 0.357470 0.406551 0.068328 0.131478
0 0.284235 0.405871 0.068943 0.130352
0 0.128432 0.405282 0.067572 0.133017
0 0.646532 0.425851 0.138495 0.091103
0 0.729770 0.425495 0.026222 0.090327
0 0.894921 0.427024 0.160647 0.090887
0 0.052709 0.677520 0.043090 0.131689
0 0.410821 0.631809 0.099169 0.037864
0 0.733719 0.699064 0.248213 0.088365
0 0.118024 0.678878 0.075610 0.130244
0 0.411187 0.698592 0.099507 0.091173
1 0.176156 0.698871 0.027876 0.091593
0 0.918660 0.698662 0.025188 0.090817
1 0.581417 0.699224 0.051460 0.091523
1 0.327254 0.699065 0.054128 0.091205
1 0.945260 0.699367 0.023756 0.090893
0 0.703129 0.891410 0.035803 0.077007
0 0.552997 0.860553 0.085105 0.015088
0 0.942515 0.892205 0.026000 0.077045
0 0.833424 0.891989 0.025551 0.076549
0 0.969954 0.892167 0.026247 0.076269
0 0.538149 0.908559 0.054178 0.078812
0 0.580648 0.909741 0.027624 0.080898
0 0.434885 0.911808 0.026111 0.076409
0 0.940242 0.085493 0.055997 0.041923
0 0.705319 0.632699 0.301857 0.039717
0 0.327342 0.631596 0.056872 0.039717
0 0.932368 0.630493 0.054247 0.039717
