1 0.576354 0.103909 0.046658 0.117222
1 0.824137 0.103959 0.087583 0.117014
1 0.207985 0.103533 0.044299 0.114861
1 0.463001 0.104085 0.045863 0.115856
1 0.102667 0.104113 0.086058 0.115512
1 0.357090 0.104085 0.087583 0.115150
1 0.821016 0.429174 0.039400 0.117620
1 0.576398 0.429174 0.046917 0.117512
1 0.459856 0.429351 0.039573 0.117466
1 0.335817 0.429097 0.044425 0.116363
1 0.696871 0.429753 0.060630 0.117566
1 0.080915 0.429731 0.044472 0.116815
1 0.208358 0.430002 0.045911 0.116363
1 0.080915 0.755344 0.045871 0.118127
