0 0.024970 0.093152 0.018855 0.027713
0 0.751276 0.227086 0.018541 0.118445
0 0.666746 0.227557 0.039114 0.119264
0 0.130711 0.227593 0.056708 0.118384
0 0.210260 0.200325 0.058370 0.173044
0 0.809765 0.228241 0.030246 0.117357
0 0.568105 0.253231 0.046051 0.174809
0 0.361965 0.253873 0.061586 0.174479
0 0.285293 0.267391 0.045322 0.145535
0 0.467555 0.226191 0.061075 0.224792
0 0.956668 0.201271 0.037832 0.168437
0 0.879055 0.198187 0.030149 0.173651
0 0.045190 0.194963 0.056427 0.182423
0 0.522843 0.648885 0.037833 0.172057
0 0.588936 0.645606 0.037449 0.164814
0 0.904551 0.673926 0.018759 0.219278
0 0.637360 0.649249 0.018977 0.169655
0 0.791514 0.648540 0.018419 0.167968
0 0.147448 0.664224 0.036235 0.099632
0 0.685662 0.648612 0.018445 0.169144
0 0.037827 0.663472 0.017860 0.096636
0 0.089427 0.664523 0.035991 0.098617
0 0.851721 0.677077 0.018711 0.228141
0 0.265795 0.676241 0.037544 0.119044
0 0.366604 0.676308 0.018759 0.118519
0 0.457975 0.676614 0.018807 0.118861
0 0.322886 0.677230 0.036884 0.118455
0 0.411867 0.677091 0.018589 0.117908
0 0.737009 0.649289 0.018227 0.170112
0 0.205754 0.660506 0.037847 0.095449
