0 0.248698 0.068901 0.128790 0.080327
0 0.266681 0.221146 0.415597 0.012384
1 0.299390 0.265707 0.059956 0.073769
0 0.218009 0.406342 0.305157 0.014005
0 0.338206 0.449713 0.067212 0.074663
0 0.100081 0.449732 0.067597 0.074216
1 0.218592 0.450161 0.162938 0.073632
0 0.086032 0.066272 0.066802 0.080819
0 0.449393 0.068966 0.129555 0.077586
0 0.604251 0.067888 0.062753 0.081897
0 0.752024 0.067349 0.127530 0.078664
0 0.164980 0.268319 0.212551 0.075431
0 0.408907 0.265625 0.141700 0.078664
0 0.743927 0.259698 0.172065 0.090517
0 0.703441 0.449353 0.087045 0.077586
0 0.839069 0.450431 0.042510 0.077586
1 0.595142 0.448815 0.125506 0.080819
1 0.785425 0.449353 0.064777 0.077586
0 0.402309 0.221146 0.144342 0.012384
0 0.696356 0.392780 0.331984 0.035560
