1 0.325459 0.223566 0.040722 0.177304
1 0.449521 0.224186 0.040084 0.175312
1 0.823195 0.223915 0.026578 0.174602
1 0.201361 0.221825 0.017311 0.165463
1 0.698471 0.224994 0.018375 0.168263
1 0.947197 0.225036 0.016496 0.162774
1 0.449725 0.523557 0.041598 0.174838
1 0.200111 0.827024 0.039442 0.171272
1 0.075803 0.826905 0.018720 0.166243
1 0.077536 0.224994 0.020220 0.172036
1 0.574878 0.227815 0.022553 0.177676
1 0.076370 0.525351 0.020998 0.174856
1 0.201191 0.519711 0.021776 0.186137
1 0.326401 0.526762 0.021776 0.177676
1 0.574489 0.523941 0.041996 0.183317
1 0.685312 0.515481 0.067660 0.205879
1 0.325624 0.829939 0.020220 0.180496
1 0.451223 0.827119 0.042774 0.186137
