0 0.352057 0.293910 0.043889 0.243376
0 0.584193 0.295716 0.092892 0.246475
0 0.106144 0.294819 0.055514 0.244401
0 0.818590 0.294633 0.051364 0.243749
0 0.196757 0.295273 0.068531 0.244518
0 0.274588 0.226466 0.034409 0.106671
0 0.486813 0.295658 0.032990 0.245054
0 0.893227 0.294563 0.027442 0.242584
0 0.708867 0.294691 0.091686 0.242840
0 0.426574 0.294819 0.021222 0.241046
0 0.696822 0.294621 0.021921 0.248153
0 0.720479 0.294819 0.020714 0.245939
0 0.743858 0.295728 0.021895 0.245706
0 0.673718 0.294691 0.021387 0.242840
