1 0.501987 0.233325 0.055784 0.261697
1 0.415653 0.223170 0.033191 0.264972
1 0.702179 0.258263 0.034072 0.218051
1 0.604251 0.233216 0.065134 0.267713
1 0.783846 0.231367 0.043153 0.267059
1 0.153997 0.713168 0.090633 0.274938
1 0.873689 0.713503 0.182443 0.277892
1 0.728576 0.715070 0.027459 0.267257
1 0.054043 0.721465 0.034301 0.259828
1 0.504356 0.720389 0.043303 0.267745
1 0.652773 0.720913 0.054322 0.262418
1 0.573703 0.719818 0.024613 0.265589
1 0.432306 0.720940 0.028972 0.263998
1 0.265515 0.718475 0.033306 0.268453
1 0.346262 0.722490 0.034897 0.268328
1 0.487791 0.165654 0.017068 0.078235
1 0.415223 0.166026 0.022006 0.078503
1 0.627050 0.297879 0.010931 0.078235
1 0.795891 0.299038 0.010459 0.077582
