0 0.916601 0.151450 0.027778 0.120771
0 0.829848 0.152245 0.030833 0.121267
0 0.888312 0.152381 0.027982 0.121118
0 0.767537 0.152524 0.031242 0.120982
0 0.798983 0.152487 0.031242 0.120634
0 0.468852 0.347540 0.056515 0.176956
0 0.657094 0.325137 0.017966 0.131876
0 0.262558 0.346988 0.077427 0.175306
0 0.364292 0.348024 0.055645 0.176956
0 0.568084 0.346988 0.047254 0.173792
0 0.138679 0.347677 0.094575 0.174474
0 0.350621 0.849180 0.028008 0.178333
0 0.261014 0.849316 0.074455 0.174884
0 0.140804 0.849633 0.097893 0.174549
