1 0.900518 0.148576 0.030446 0.130851
1 0.677739 0.149919 0.029488 0.128394
1 0.586266 0.150917 0.032205 0.129986
1 0.387136 0.149625 0.056867 0.129876
1 0.802433 0.148709 0.031125 0.126407
1 0.708235 0.543948 0.050052 0.132590
1 0.340034 0.545071 0.029698 0.128505
1 0.451156 0.545351 0.028126 0.128348
1 0.898641 0.544919 0.025311 0.126563
1 0.599104 0.545710 0.031320 0.127741
1 0.786764 0.544160 0.026271 0.122690
1 0.333702 0.887361 0.018477 0.129572
1 0.678792 0.888460 0.036120 0.130648
1 0.560746 0.888405 0.024881 0.129728
1 0.104942 0.888460 0.027241 0.129121
1 0.785781 0.888978 0.024849 0.129329
1 0.225704 0.889251 0.027096 0.128459
1 0.894345 0.888561 0.015338 0.125331
1 0.443407 0.888605 0.014405 0.135693
1 0.107590 0.148680 0.030611 0.130904
1 0.106240 0.542189 0.031511 0.129307
