0 0.369087 0.188792 0.109811 0.110911
0 0.125041 0.240788 0.084407 0.214480
0 0.621051 0.307152 0.053963 0.182397
1 0.821280 0.324776 0.038749 0.155303
0 0.431327 0.836814 0.138220 0.231046
0 0.713766 0.869172 0.084242 0.150451
1 0.649891 0.866402 0.040704 0.160367
0 0.068777 0.868570 0.058565 0.166136
0 0.170678 0.872458 0.063757 0.163136
1 0.118916 0.871430 0.041591 0.153781
0 0.121543 0.753788 0.164483 0.073232
0 0.692868 0.779040 0.128093 0.022727
1 0.366084 0.321970 0.039301 0.159091
0 0.329694 0.324495 0.030568 0.148990
0 0.406114 0.321970 0.032023 0.154040
0 0.894469 0.327020 0.103348 0.159091
0 0.874090 0.234848 0.144105 0.020202
