0 0.496789 0.302616 0.048165 0.239214
0 0.381239 0.302780 0.039549 0.239120
0 0.120614 0.302674 0.039662 0.237414
0 0.704123 0.302990 0.077935 0.231460
0 0.380038 0.410688 0.043768 0.029466
0 0.314402 0.757236 0.038991 0.237510
0 0.217600 0.774784 0.045706 0.222212
0 0.120577 0.771175 0.041403 0.213271
0 0.121852 0.893701 0.044543 0.032242
0 0.218503 0.894659 0.046660 0.032855
0 0.217425 0.300388 0.042386 0.244186
0 0.302983 0.308140 0.040816 0.244186
0 0.594192 0.302326 0.039246 0.240310
0 0.539246 0.763566 0.124019 0.271318
0 0.718995 0.769380 0.122449 0.282946
