1 0.155397 0.111617 0.034424 0.079355
1 0.185753 0.161860 0.007723 0.002607
1 0.480684 0.401899 0.034217 0.095153
1 0.333587 0.402613 0.036125 0.094531
1 0.177666 0.402560 0.030981 0.091038
1 0.179669 0.685653 0.032896 0.095927
1 0.897713 0.686189 0.033072 0.094418
1 0.463820 0.686169 0.030944 0.092989
1 0.762660 0.686920 0.032020 0.092731
1 0.610330 0.687142 0.031676 0.092659
1 0.330122 0.687122 0.031851 0.092473
1 0.179669 0.933485 0.034211 0.094822
1 0.621752 0.928027 0.028234 0.081630
1 0.480615 0.928487 0.032339 0.080856
1 0.330136 0.932064 0.035837 0.092978
