0 0.248698 0.068901 0.128790 0.080327
0 0.266681 0.221146 0.415597 0.012384
1 0.299390 0.265707 0.059956 0.073769
0 0.218009 0.406342 0.305157 0.014005
0 0.338206 0.449713 0.067212 0.074663
0 0.100081 0.449732 0.067597 0.074216
1 0.218592 0.450161 0.162938 0.073632
0 0.457440 0.631732 0.064552 0.082563
0 0.392561 0.631925 0.059886 0.081979
0 0.180354 0.632872 0.247208 0.078147
0 0.140518 0.761344 0.131251 0.033680
0 0.173809 0.819844 0.067282 0.079259
1 0.107448 0.820136 0.065591 0.077905
0 0.086032 0.066272 0.066802 0.080819
0 0.449393 0.068966 0.129555 0.077586
0 0.604251 0.067888 0.062753 0.081897
0 0.752024 0.067349 0.127530 0.078664
0 0.164980 0.268319 0.212551 0.075431
0 0.408907 0.265625 0.141700 0.078664
0 0.743927 0.259698 0.172065 0.090517
0 0.703441 0.447737 0.087045 0.074353
0 0.839069 0.450431 0.042510 0.077586
1 0.595142 0.448815 0.125506 0.080819
1 0.785425 0.449353 0.064777 0.077586
0 0.178138 0.574353 0.242915 0.030172
0 0.427126 0.818427 0.129555 0.080819
0 0.832996 0.628772 0.058704 0.087284
