1 0.499406 0.236332 0.055784 0.261697
1 0.413932 0.235200 0.033191 0.264972
1 0.699598 0.261271 0.034072 0.218051
1 0.601670 0.236223 0.065134 0.267713
1 0.781265 0.234375 0.043153 0.267059
1 0.151416 0.716175 0.090633 0.274938
1 0.871108 0.716510 0.182443 0.277892
1 0.725995 0.718078 0.027459 0.267257
1 0.051462 0.724473 0.034301 0.259828
1 0.501775 0.723396 0.043303 0.267745
1 0.649332 0.723920 0.054322 0.262418
1 0.571122 0.722825 0.024613 0.265589
1 0.429725 0.723948 0.028972 0.263998
1 0.262934 0.721483 0.033306 0.268453
1 0.343681 0.725497 0.034897 0.268328
