0 0.983396 0.059295 0.007578 0.022174
0 0.974579 0.059164 0.007340 0.021794
0 0.991593 0.059431 0.007637 0.022186
0 0.474116 0.128877 0.191582 0.044622
0 0.472744 0.199589 0.193318 0.052548
0 0.129137 0.210789 0.110323 0.039144
0 0.851427 0.312249 0.039006 0.159555
0 0.407735 0.283295 0.067719 0.106284
1 0.472540 0.315879 0.058112 0.169075
1 0.129822 0.317097 0.058170 0.170989
0 0.172517 0.313003 0.026445 0.160686
0 0.408323 0.365093 0.067542 0.055055
0 0.354721 0.722513 0.168585 0.215943
0 0.612714 0.720404 0.057316 0.218783
0 0.556595 0.720404 0.054275 0.213768
0 0.127936 0.721853 0.114366 0.214695
0 0.797445 0.762524 0.026503 0.174019
0 0.822446 0.763415 0.025389 0.175017
0 0.955723 0.775792 0.037324 0.126759
0 0.534991 0.312371 0.069982 0.158763
1 0.802026 0.318557 0.058932 0.167010
0 0.752302 0.313402 0.036832 0.156701
0 0.801565 0.209278 0.140884 0.047423
0 0.087017 0.312371 0.023020 0.154639
